0
3715.0
11697.025526472491
1899.2219478792651
20273.0
2577.0
20751.07361435519
16052.893199850401
8952.314259904118
3723.9072611178353
5881.109301571249
11.0
19266.92079232365
21484.9353380085
10081.023833664358
3451.0
3478.5221208357666
50.00000000000001
8770.712893845226
4229.304763601618
5357.64155318366
2.0
13454.270214393995
8744.063409067716
3714.0
24502.905078766416
55436.69914897162
8.0
5011.60285289163
8670.378074815068
13644.0
13015.289507811749
3714.0
1122.6077568134174
13.540544937269207
3967.0989324209245
5.0
9259.882715529124
5.0
6612.174063983303
3714.0
11385.697912743837
8405.196994095426
17.666666666666664
2.583112753343926
3833.9737913823215
11.339828124232138
8161.164294488857
6.800000000000002
37.0
3764.7
8490.333333333332
3065.066822118961
6819.519026276661
609.5010095486363
16867.10086840878
4.0
839.8630150253109
3714.0
2.0
70.25984156844635
1118708.2081951315
7469.2
17.0
3474.906900664242
17581.190573257212
12246.91267306061
51105.50859387448
5584.909523809554
3512.3908778070067
3944.05819419966
1193671.001486518
9407.896776286216
4945.284012212841
2.428571428571429
217.95052791782533
214481.1594586622
2343.808198059737
1326.6712927784117
1005.0031279210934
36936.82947516362
203.0
31122.258648080544
182.37155913568267
48094.00129770457
10108.858410012657
5447.299424329554
3454.5261358507237
1.5
673630.5862015281
757.7744175060587
57.99151589151589
10633.541488262757
6203.03047616636
6031.608303839291
48.0
1301.8416565844955
3713.0
27594.89182499675
1.027027027027027
3720.3917027417024
3725.1351953601948
7411.492315171501
16.284523809523808
11334.235084561082
3729.8333333333335
7431.933333333333
20734.348811635045
7676.791454035544
39.9430613074576
7428.0
11324.407321092338
15.886479703871005
9.750000000000002
140.40579989315148
1550.1145775124353
4959875.476845207
22636.343073326145
2468.0
7645.034635993394
14977.164714498056
2414.5826791331883
5923.5859530820535
17779.32688239072
3713.0
223.75
10028.81552729447
19700.266178172205
8063.897754139996
7046.558930836616
0.5666666666666667
41990.45151986257
9954.532300694953
8170.805884533209
494.73225113294785
4503.27142857143
2.0
11215.289403427383
2498.6895768954587
13595.807656045576
15.08620465398754
8893.119203220656
3714.0
2044.3821963038924
7382.234028689674
3910.594144317557
50.44469709605899
25541.777029292905
18123.46437763086
5760.975089074673
3859.738510539618
81712.48349707673
82067.533039255
81018.84812907138
1818.20996388015
11782.253629343406
37648.405593559786
8782.50468811539
510239.14265754615
227.0763508049279
255432.82918129573
7593.131384247972
7954.501067844922
10251.411489284706
647342.1666178192
26528.72284779092
28318.881483446847
7092.476635570924
1.4
7432.0
77749.87069106413
2615.5863816200103
5583.931280334658
3829.8703489242685
238539.1424311337
3900.4479226456633
32.38569813234314
5067.5101289284285
3845.0
840070.0099620082
59441.69421128364
12184.349171160417
151.33333333333334
50802.27119004458
4.0
7426.0
11370.222833722686
8781.655137994536
5898.85101070646
7474.76172510157
15275.133646065307
9406.370263965322
18554.217309663632
20.200595238095236
309452.95762387995
240577.1193690839
621931.638406402
250010.12121192773
7431.856518564512
3713.0
99338.63872226946
3804.5918538863407
48721.62653888307
11613.39374521465
177.9103577487026
554.1795172140096
1.0
33772.4711121719
16.333333333333332
238128.67405860685
289298.8973685643
259462.3542371383
89567.11966420728
8657.85237564212
184967.70599731864
162828.02713102868
50250.51218289731
733542.336516254
87721.96282099136
712898.8601825585
412635.82376600447
12987.705727475157
16822.08069187111
3731.0
603.6276622570972
65492.60798664971
460.4465820368732
57.108450196168114
3737.710098706568
77603.07785085586
40.0
23056.43654071093
7831.339090901928
29922.156809222142
120.4833333333333
392671.5661427992
14177.176093689166
30684759.578379218
4.25
161.55707854946985
8143.106231916787
170.85687121773978
3688.648392255925
280596.84894701093
371564.5042704475
23423.318616731896
37036.70889138495
40580.26566300563
144591.30537876644
405405.62144789466
321880.76182659273
7513.216841705159
9.2
13472.403155034213
3728.666666666667
23488.802935565793
29712.0
347883.74369364814
7428.0
5108.305159682862
28938.815000143924
2028.6753294662399
536697.4046917901
307954.01078411256
1329246.6964070587
406309.25805771636
217428.382633594
28096.946305667156
78702.83578206963
93578.50191564672
1115264.043815864
2383152.517919952
3714.0
13243.280500161109
20664.090797892375
775305.4741008531
2119679.4166562064
4444533.557620654
3714.0
1804943.4663286556
1693.1895178810312
104382.16683813148
4779.133941200874
24.805326417927276
20201.534068355206
147.0
18.7
1070.997091141141
4206.254262952419
161063.7432140555
3714.0
7645.565040447875
3252.0
3714.0
36.020408787776795
9970.124895209286
14832.55712692636
234588.2873421162
19030.82918266949
7643.898039605885
6896.061344597436
52.934899258134536
1.0064102564102564
1004.1995193630024
61.31666666666668
17696.29182167254
22165.826857901735
6.674189030025716
5052.917089386476
3878.8603746202953
4157.250655369113
5452.876626413736
267.9583506633499
4762.8288050045085
12866.25713480252
10.0
822.4333333333334
2769.024501413542
42468.495934474035
22232.058161901696
7575.004078173351
4.0
30.833333333333332
7428.0
11.726190476190476
549.1805835159107
3729.5333333333333
5022.0
21653.468401428418
176560.69169207697
3714.0
3712.0
7903.087166132356
2003.9478354978362
857.7061781082349
135.721335919666
590981.2963136585
8226.519621654366
17555.947698059284
4688.770033869868
3718.1935897435897
243.0
3720.867402429012
882.559620093344
4.096369702352486
1.5
121400.75448638674
7883.463055369111
19036.067554651756
7443.902380952381
8408.017258070322
11.666666666666666
3749.0
4593.637015389708
71.37704806666
837.128354978355
4114.115602690105
20663.982991035053
3024.071179373222
4.5
17069.290430512043
117469.11480488104
3714.0
3714.0
10630.585492388067
80.1124175824176
10179.00369949829
261.0
3817.9656532486115
11921.144370393913
1.1900246812011517
31662.280906110245
1281.508459204417
160547.52538680774
18.922449233451985
23338738.18382074
8448.296323253993
27120.198800057256
4948.822187203108
8095.765617270163
6159.083333333334
4028.932571684588
3713.0
3714.0
208.53320636819353
100.81457437198819
34600.2831585554
7618.248510777908
23565.872373726383
7572.923327170077
17992.415573921393
177.80590250715002
815.8965212838433
1.0
38.90372241889437
4421.965583338908
19525.9054987395
100.31958180708179
2020.7611817310294
2660.6632944281973
10345.406716588439
5.333333333333333
15248.595574367999
1335.363458793479
3720.0
629.6474896448581
4372.234669581609
3714.0
5857.814722258359
3714.0
2.0
296489.6951661559
3714.2
147077.61094754282
210839.74418473532
173120.98808417877
165225.3074121038
717703.351509001
2.555094262752788
170241.1513049481
8.07910235350013
3357.402038712374
41674.06344929326
5922.007965723483
10.348776223612793
29456.958710119383
133.8482914005134
1.0
3761.0909549385806
4.428742367574766
22.968571267520556
63277.07044151006
3717.125
3714.0
4.0
3714.0
7881.343653924756
1404.554859317469
8722.207181483678
6026.328864637856
924.0839387201142
2318.5
5594.112157949551
12659.020806492128
2153.605263157895
6272.681287457301
7428.0
5690.453728173545
4795.243951792236
7027.826523918779
2.0
18276.506509788178
3567.9678200312437
180.66706054672306
18402.22329615256
17.0
10007.94430562642
23167.99404899027
3714.0
48.49050469561082
17470.810071031203
383.4820418218168
6.666666666666667
0.14285714285714285
3788.877769198272
251.68313458744876
2446.9951828020867
4143.51261055916
8.0
27204.256169761575
58152.731743822595
8459.327481106791
883.0000000000001
6451.036740443644
147638.95029401363
3714.5
4662.161135960643
6.166666666666666
14049.558143199232
12.5
3713.101903762968
10663.341414155031
0.3333333333333333
19.539542124542123
3698.07607972191
15.429816231799817
5185.9009931047385
6.166666666666666
4.499999999999999
603.0140971318922
1.0
3140.854255585522
7168.989056751898
63739.66225672101
12304.92059124542
3770.527721544824
192.52179487179484
294.9757073206279
18454.433615794875
11494.81462190469
4176.715945898781
41.65047493217096
4039.8162100481973
19.017857142857142
8658.857310278863
416971.91552198754
3.0
14856.0
8001.656208037985
9.0
10573.856840361153
5410.690738069327
3755.1473234247583
38822.04045842507
3713.0
7426.0
8791.228321733606
377.00882352941176
3714.0
14280.727296899924
2881.074877596472
701.4469353751986
9.116666666666667
146.72480554385618
3806.2386134748126
144.0
156.11058403171117
3679.0
6.183333333333333
10132.708691602962
23.254761904761907
3733.8965677673077
3713.0
2.0
8610.631213384155
17.494208929974278
11004.166206472117
10197.678712081037
0.2
33.19863375148919
207.4909090909091
27.666258645988833
4076.015277389856
2.0
3714.0
797.775108225109
7274.101595960353
3713.0
23209.45619236536
5470.049580508671
23.773461178112832
8108.964826505807
63.0
5211.30456077803
11.0
1320.9608052596334
80.60032065457763
7430.833333333332
5181.135299681231
180.5922786126609
12612.52592470942
60.0
1.5
6416.610897798316
3714.0
8.0
748.0923436405332
1.0
5595.378929879815
11914.126063018486
3711.0
3934.736377000198
11172.75782149056
19.1658365664307
12272.445492944327
1.0
0.7954159592529711
1.2973421926910298
11697.266005802596
23.901854258693533
1091562.0257688295
1212.190264900101
57389.0
7423.0
31389.651625947845
4653.529997732745
19350.446638059773
6732.407249047877
7785.748980911039
32790.79890384941
49734.8130572061
80.68750246031838
110.50177869073326
127623.96052464122
13706.712446057134
48429.1163649028
12370.306921096664
12.500000000014552
104.17112868176537
3183.9715889190966
1.0
270.3548886991033
8585.746653436025
2772.567971509305
131.88800717424039
114.55882352941178
22.0
3713.0
3086.7293231610224
10761.852168887042
152.4199331802568
204023.3086981967
3392.630952380956
5.66293625558614
89.32148471252854
13.5
277.68035320238323
3714.0
917.0331873442257
6616.955029858749
11880.69519351121
6705.056571975272
3713.0
2067.8609083839215
272.0770563926606
6440.727644245465
271.43334659325456
3107.873935812465
3714.0
2171.031079289983
24.32136752136752
240.51243825816994
23142.654196681626
990726.2491771771
3808.504148720903
40559.90039960577
3714.0
3714.0
3330.0366777590352
4018.708044193444
0.2
537.3946678268552
14490.22754356963
17508.355683134247
7435.0
9543.828405147238
11.876531343018502
33784.29560407649
3714.0
151.81847041847027
3715.0
6711.480389226951
0.5
3834.9861372978085
93.88636276925972
1801.1314814764544
14057.696095528669
459.7062078640479
3723.0889463663157
3590.0
9628.78620543242
26451.4657176236
75896.96866727398
1805.0769841269891
40.40833333333333
2.5
4166.355428539689
19.263102949820947
30461.623502500763
162.0
1.7081865420405808
24.0
3714.0
590.2949074658121
15457.252604893896
8294.798170603732
9.438684559149726
17307.498820165205
536.1634495584223
8664.542215214311
24.75
1.75
4786.349587274589
110.79999999999957
119.08851706979068
9509.839679007759
44.821169108669096
262.38610883033806
2623.5289682539683
142.0
345.55863725452394
419.7833333333479
3.1999999999999997
10037.083620879468
28942.530584843775
6.749999999999999
23.555746537507016
3714.0
1146.8415525650823
13.316666666666666
18.833333333333336
1.0
3772.25
5.2
6130.480652576063
47936.671924171846
37.43132114545192
6523.65228903973
3714.0
7991.705697572996
6474.520649983104
7389.093451437495
1708.4712881121225
12018.672636316634
246.67453119724044
2.065079365079365
60385.49572464681
16687.370262452605
1.0
27.64559095440727
17.01960491852507
14859.3040163276
8622.222883302558
1660.7278383302512
11.666666666666666
2.0
13687.687429746895
7266.297835930979
3713.0
135319.12449507287
552.3936655285592
11260.391725409632
22456.487285416693
1.1800250933137626
1.0
9.0
37.510261477652776
1198619.9718844104
3704.0
23.12899639197593
698.4281030078145
3714.0
175.18340420974394
972.6652265390271
11.203305836581798
3714.0
9307.118452953657
5025.877724788574
217.10119047619057
9027.335477271748
18688.15263024569
7854.775404115024
2525.3884806857945
25842.168107842703
26996.278269397564
13012.08103474085
3710.0
3240.316436618601
2776.6576234677177
3713.0
6642.597408087102
5562.408610696388
6642.689645389408
14738.454892566771
36.208741258741256
40656.78987829263
1387.572167644544
1325.865074284032
1066.7415113524498
8657.306921096664
54028.09735190205
3714.0
9291.158048202175
24093.45339795336
5139.735604910242
574.933744669849
3714.0
4712.345431691761
6.0
277.22424369214957
5306.0
2.0
20.73333333333333
4.32936507936508
1913.2689052826415
3.0
434.33232345571446
9265.771652652236
6679.95937099549
990.8623508172818
3742.329144768275
5.0
8707.943135843376
8483.573931305837
3.5504172532775327
22.531818181818185
5514.029297226576
8359.46852955572
8477.05273325443
21238.177863634748
3.0
57404.67052637795
2169.6086538855584
8953.11648666496
61.1
10249.538670975773
28.100808708885438
3711.0
10617.069127710567
6325.724094080826
2.0
615.5849881107229
4.5
27.15
1.0
194.33573322813066
45.99999999999983
1347.2462641778388
10856.900346428005
3713.0
7374.080337901505
14090.458555582438
12.0
6974.9806041188085
357033.37683068647
25842.73862861454
6.333333333333333
40721.730913970656
20233.125174340094
84.9895019536351
358.80286926219816
119.63073925897363
9916.618464749294
14318.446496119339
6925.8107590886975
595.17156871387
6257.388226099691
732.5715116360143
11134.767634778715
56.0
8157.306794551786
0.6666666666666666
3719.850901543147
40.86236926947586
42445.51347744228
24.832400980792155
3.298371647509578
51.948733680680974
1279.2777166453968
11075.5
264.67622599622587
21.686934110856093
50.333333333333336
9132.601141772393
4.812299144333879
11.5
69.67154377880183
18.36051602334348
31.7655012854127
49811.82676097046
2822.6791173236397
4311.010555912384
5.166666666666667
8.5
17.452380952380953
5666.691626900812
26.0
6538.869844861115
9.0
40.730303030303034
1621752.337716148
2992.9053588414754
3245.0
3.5113636363636362
26319.122883289678
87.62813866939345
5340.589175899082
2.0
243.4230651361521
3719.0
4993.486068923347
21.415477662577537
1014.9527114995126
864.0293866649457
179815.32009615772
3.0588235294117645
39698.54801392658
7021.607348133344
12.490909090909092
3712.0
1585.2216531062722
229.58689653564653
4183.713780016904
5434.078727657701
2559.7219394736603
143.38335227574916
7428.0
7.612241819127693
3714.0
13.000000000007276
1365.1770610066208
151270.73761929493
2.0
8.280228334198235
17617.909914273936
7570.780393013472
6073.121317240102
185.0
5347.990201465227
789.8525048051365
4253.833895588341
6.5
9692.097174672406
38.46305893805895
8.121782072295137
2976.344913927552
71.63921157988483
70.17727272727274
1.25
3735.450980392157
3716.3333333333335
4958.850088247349
8450.63387312186
7.274524031270809
2.0
5688.595951941504
7121.129751092261
25.986243386243387
11.833333333333332
2.6
7561.762577043545
12174.009689393337
51.34444444444445
112.80985958485958
7451.460753627356
249.75181543631393
14.809523809523808
17931.086875712284
0.3333333333333333
5.316666666666666
3727.0666666666666
60.23366910866911
34650.18892089648
31236.526388045004
17279.847210767046
3714.4196539780437
8.0
8729.394736842107
5005.27629951749
675.6324603693685
8701.477986419191
78.85352628119078
7827.080991352871
2.0
1488.3333333333333
7591.863589204521
4055.1046922412816
7099.900465459999
3715.0
3717.0
1.0
12372.329796913658
4.0
1827833.0682805544
8873.409939685687
8.0
3714.0
1199.2540425261009
21.420677361853834
6.645988670641339
751.1052187024217
7139.295725130467
2.0
7441.333333333333
524.6257918774443
3736.3035056446824
10756.11405638832
18632.623593101493
3714.0
2.8814167910942103
2576.287819199279
0.2686984874968555
15.647629460737456
266.28001878065896
21.091417309743345
21719.48680277258
786.7684650993897
3735.5
6918.330910075922
3714.0
1645.9872789244732
0.8
107483.38784397831
395.0
26.945609945609917
2.333333333333333
3.9444444444444517
117.00079365079357
26795.536723363737
46.23798451876518
2.0
3716.6
5981.756699569865
7.0596913778735475
2.0
4.582575757575759
2102.3577137980947
1.5324867333427474
3924.9575787730173
1371.4162986097813
2055.9368098842947
81884.61624345364
14654.343556662945
3.966666666666666
4531.526625831127
126.67797284467923
0.6845238095238095
7429.252798263686
3742.787365912056
1163376.7241939865
1.0
2384.871706537408
15897.542964530458
4.0
3713.0
1283.8112237874518
7584.622835262102
3722.53355157914
410.09772260915844
18.132989181419862
103378.357623204
311.0
11382.558044383532
4.0285714285714285
304.163541442218
20.5
7.8381857519695695
17168.499715111517
4279.742450917193
3198.0845749066348
2515.593611443535
8657.890254429998
55481.76584825907
5.0
63.704978354978365
5465.4551065017495
2360.818518523545
841.5156676656658
4.0
53673.85322371324
359.200000000001
26283.972067730097
279.2046929436035
30.457893772893772
8662.188877847646
5945.384514233527
4.0
2.0
3.4357142857142855
35.0
243.1757389489771
44.348058390522745
130.53208983831632
2.7504901960784314
92.24328309244262
2908.0
8890.763102151794
67.918684457064
373.6509173910821
224.7439214623191
3816.328613138044
10031.242455834115
6.0
3713.0
3714.0
339.9166666666666
82.01239825960148
65.92777777777778
245.34463280960594
34.6988219174011
7581.748120405571
1.0
179.2923849304732
55524.22894127992
96.0
429.07963980463944
7089.349321126266
11.581360437119974
1.0
34.97979797979798
23.142857142857142
0.4200310436921165
65.48184547904853
2820.3085730711864
123.49896076617655
1222.9639962051742
409.5358077659273
269.8536866359447
28.44787229960477
1451.2592931725999
8161.345430469741
65.48184547904853
5333.190589324673
9666.19856327562
3717.0
4.904604801837551
2681.25
2814.3420152975104
4557.855839333269
4177.8872294372295
7526.733302376271
164.46366793555902
16364.35631119153
73284.15051497317
4036.9871164847364
73.92183287976968
65.68513705002336
4163.121431702534
436.6929541261952
36.806695211876914
2064.3930096678378
3858.360777762935
0.5
65.48184547904853
4655.205176331217
27.188350419670225
17.71708129892273
12209.733069205186
9284.77391162955
3831.6639249639256
15362.202641510818
12906.616852553117
74.78917015526059
3715.0
7784.743042071197
658.1764678055499
668.2164997814696
51.15430989763675
329.0513977809256
5.862121212121211
767.6719079630011
98196.04514260968
3731.25
3711.532088653992
168.358170995671
6852.026956585439
6743.003293103434
59.55514810118994
9886.084430428624
31553.039959502206
203.48588867695406
7796.807498918277
2.4
5927.890502501019
33.02977825408173
16146.639717871856
6.285714285714286
3798.2753728778184
255.0
9.083333333333332
15513.296211445184
1.5833333333333333
1101.9099374183904
17.0
3.7685185185185186
37.97949373360498
2038.7027058925717
6077.777610226961
14.0
158.81915247255398
582.2940274650875
4217.078346190254
17.656349206349205
7129.098552518137
12684.204029924009
64.00929628502922
3003.374350113948
404.72727272727275
4.2710430697335e+41
10890.978874624165
16.993810000932193
1148.9583333333335
5.842857142857142
0.5794178748537527
40.22745310245308
0.5
7453.7274359839785
64.99228906487079
7879.486542509196
309.15378882843817
4747.345938257445
8924.431431663656
1654.5983338545514
7078.657696283789
36.409523809523805
7463.382693496279
6521.805723773466
3.0
1.8423989232493982
303.4818454790492
6947.317328664758
18683.88817417235
2112.253242965913
1161.291343520583
10211.19968054631
3516.648302057665
36492.13806144385
1592.3809091441278
2001.7388104665997
3714.0
2.4166666666666665
2262.625068423279
2.0
4535.038294158545
65.48184547904853
5635.0576198766485
8.0
165.36441234204378
1817.6470837797053
203987.10695827808
3180.870086583979
434.8795959835582
1445.7377043442202
290.3737810274791
11466.642383856464
227.65231492645287
16.835307261723155
7573.238611211317
3714.0
147.02017831192092
15049.466604752542
6593.507395675209
11279.198865280496
5573.87990876083
43.16718974374206
1039.991735752573
2268.368948923545
1559.4922571222498
8.242857142857142
1.0
9339.112007963182
480.9551587301611
0.25
7099.954646040431
3.9071461078215255
7.257723577235772
7077.222569340302
76440.70706666133
102124.05113918794
74418.01262412425
35606.56725554287
48643.84109065488
65.48184547904853
7996.956981528408
8443.168335645032
14.782154715902106
6.416666666666666
1903.2736056646345
5.333333333333333
18619.440786830364
50.968398268398346
33.0
1659.2333333333204
3713.2
1374.0321033197954
0.34285714285714286
28391.447906009522
18208.05068200676
10114.53180016513
417.9630761395475
8657.768459558203
13.833333333333334
1.9746220562333696
7685.777699214234
108.90535714285699
37.833333333333336
628.2227908849901
7749.517035448766
21.0
15926.673018287416
8254.71414276772
3337.2229083008506
10.0
107.09106177011076
8532.645215256021
0.6666666666666666
2.3095238095238093
7047.22927779122
9058.47010688278
140.35042914147772
10090.633163709874
5732.050516794017
3773.002073834496
200.52108372295638
3714.0
4435.204969842844
1162.3689941032956
59.05757575757575
4429.14347933347
7443.616666666666
6109.570260203314
6373.226713518753
31.114285714285717
2.1761904761904765
4458.938153856349
7553.779022191766
3.5
0.5
718.6666666666667
96.93333333333347
39763.68755946422
1.0
6974.108684319309
2.0
6.788935574229693
7381.541690144395
127.90884474420294
1289.5870664034967
7856.137308225621
650.0491641516439
75.33210356037065
5544.625832089162
1180.910421827914
3713.0
1708.957027292476
877385.3472824566
2603.33734950023
1418.089836673808
6.0
417891.7719567939
3423.675937580926
73.29531703590527
98.8308191808191
0.4
9201.572422531128
7529.399969042938
21.06666666666666
1.4869739706099188
28.166666666666668
6068.249974213082
2.2
4925.166666666666
4.491067579404291
31.57823868941508
1883.12089743012
4969.275435562296
3711.0
6739.803022785069
382.4678928256722
3668.8154996682047
101.0653540903541
179.41719144578238
24062.42433894913
5291.903174603174
602.5906644020671
2699.7245699193395
7921.473304888607
5.666666666666667
5.541858314868483
12.038827838827839
26.443438459863682
3772.8500000000004
7876.621431702534
5461.905465462311
94.3246031746033
16609.692993533532
1243.0021243151195
383396.635382544
253.41586182174055
4.394117647058823
50.604761904761915
2860.4170032582456
539.984992621432
47.83333333333333
3.077989723577959
20.700101750101748
95.36101922240277
40.22777777777779
896.018853311741
35.10972524486132
5202.957152673021
1203.2150308907865
1.0
1363.323676151502
9.704657564657564
3104.309232374647
8.27941176473499
9.0
24.416204742098664
19.9318536484241
386.945928944889
3713.0
360.34493857727523
7526.733302376271
23.43092346640736
5832.4462731204785
856.9029108887545
557.29822296134
0.5
391.1655065011143
20.26518698175743
91.0
103.0
4399.0
10608.675413487686
